Keys for integration test
---
sender pubkey: 4MGCWdb7dyCiar6p6RLtmGUGioqzGcPSpzAy4pwdje84
sender keypairs: [232,34,223,147,169,2,72,132,139,171,254,9,33,161,2,67,144,182,107,212,239,221,243,61,20,60,126,228,214,198,161,69,49,195,220,166,166,179,74,195,173,137,220,13,17,57,87,25,219,89,110,107,74,234,208,6,251,254,213,114,236,136,139,157]

receiver pubkey: Dxd5TVxwTAx64VSLbhw96oMv25nLgvXVekhmdoF733VV
receiver keypairs: [82,152,202,245,230,134,21,212,181,136,45,51,241,59,76,61,213,190,26,130,247,166,35,249,101,181,229,251,94,205,213,100,192,139,250,214,62,219,44,168,73,170,176,226,27,104,168,232,8,26,14,237,36,213,137,2,67,245,61,232,164,210,59,172]

platform pubkey: HjeuCtvgiGu3nA2xVqMsJc9W3aUss32Dwpp2qAtqr6mn
platform keyparis: [151,169,215,175,229,66,48,80,136,36,122,48,255,14,52,84,178,219,60,189,170,81,174,63,114,164,42,11,94,151,65,232,248,168,61,18,213,218,160,220,199,48,254,164,209,214,235,60,128,101,144,242,95,58,210,60,85,146,228,120,192,220,18,161]
